Original Cover Image
===========================================
115  115  110  101  110  101  116  115  
115  115  101  110  101  97  101  97  
127  115  110  101  110  101  110  101  
115  101  110  101  116  101  110  101  
115  110  97  110  101  110  102  97  
115  97  101  116  101  97  115  97  
115  101  110  101  110  102  101  101  
115  110  97  116  115  97  97  110 
===========================================

Secret Image
============================
162  162  162  163  
162  162  162  163  
162  162  162  163  
160  163  160  159  
============================

sp[ii]

73 74 73 74 73 74 72 68


